%YAML:1.0
depthShift: -2.1792696825616297e+01
