%YAML:1.0
cameraMatrix: !!opencv-matrix
   rows: 3
   cols: 3
   dt: d
   data: [ 3.6261306152800552e+02, 0., 2.5429545285053945e+02, 0.,
       3.6290371008288378e+02, 2.0069563107152015e+02, 0., 0., 1. ]
distortionCoefficients: !!opencv-matrix
   rows: 1
   cols: 5
   dt: d
   data: [ 1.0084165338943532e-01, -2.9692441846321499e-01,
       -1.8174840472433198e-03, 5.5777209876027340e-04,
       1.1620827139307231e-01 ]
rotation: !!opencv-matrix
   rows: 3
   cols: 3
   dt: d
   data: [ 1., 0., 0., 0., 1., 0., 0., 0., 1. ]
projection: !!opencv-matrix
   rows: 4
   cols: 4
   dt: d
   data: [ 3.6261306152800552e+02, 0., 2.5429545285053945e+02, 0., 0.,
       3.6290371008288378e+02, 2.0069563107152015e+02, 0., 0., 0., 1.,
       0., 0., 0., 0., 1. ]
