%YAML:1.0
rotation: !!opencv-matrix
   rows: 3
   cols: 3
   dt: d
   data: [ 9.9999012891757910e-01, 4.3210601397917076e-03,
       1.0346529233732351e-03, -4.3136668143823453e-03,
       9.9996588391293095e-01, -7.0443799475365873e-03,
       -1.0650568144648324e-03, 7.0398472639015674e-03,
       9.9997465278100073e-01 ]
translation: !!opencv-matrix
   rows: 3
   cols: 1
   dt: d
   data: [ -4.2076362730313822e-02, -6.0910531727729664e-04,
       -9.5721953917527487e-03 ]
essential: !!opencv-matrix
   rows: 3
   cols: 3
   dt: d
   data: [ -4.0642529833294495e-05, 9.5675808175000598e-03,
       -6.7652005942299117e-04, -9.6169146206769029e-03,
       2.5484913508432900e-04, 4.2065392311587825e-02,
       7.9060271432817566e-04, -4.2072295268751947e-02,
       2.9703209847986161e-04 ]
fundamental: !!opencv-matrix
   rows: 3
   cols: 3
   dt: d
   data: [ -2.9687006636484990e-08, 6.9829647734535098e-06,
       -1.5730896126584031e-03, -7.0195243702873436e-06,
       1.8586906967945912e-07, 1.2881450475572183e-02,
       4.4008381880509860e-03, -3.9051775256913696e-02, 1. ]
