%YAML:1.0
cameraMatrix: !!opencv-matrix
   rows: 3
   cols: 3
   dt: d
   data: [ 1.0536264865828075e+03, 0., 9.4496398560612045e+02, 0.,
       1.0543879408221412e+03, 5.3626524609152000e+02, 0., 0., 1. ]
distortionCoefficients: !!opencv-matrix
   rows: 1
   cols: 5
   dt: d
   data: [ 3.2830535539035907e-02, -3.2441939996153649e-02,
       -4.0577437234816734e-05, -3.9114338658885207e-04,
       -3.2149484612001510e-03 ]
rotation: !!opencv-matrix
   rows: 3
   cols: 3
   dt: d
   data: [ 1., 0., 0., 0., 1., 0., 0., 0., 1. ]
projection: !!opencv-matrix
   rows: 4
   cols: 4
   dt: d
   data: [ 1.0536264865828075e+03, 0., 9.4496398560612045e+02, 0., 0.,
       1.0543879408221412e+03, 5.3626524609152000e+02, 0., 0., 0., 1.,
       0., 0., 0., 0., 1. ]
